
-Unsorted list-
4 -35 -3 12 18 100 

-Sorting list-
Pass#1 
4 -3 -35 12 18 100 
4 -3 12 -35 18 100 
4 -3 12 18 -35 100 
4 -3 12 18 100 -35 
Pass#2 
4 12 -3 18 100 -35 
4 12 18 -3 100 -35 
4 12 18 100 -3 -35 
Pass#3 
12 4 18 100 -3 -35 
12 18 4 100 -3 -35 
12 18 100 4 -3 -35 
Pass#4 
18 12 100 4 -3 -35 
18 100 12 4 -3 -35 
Pass#5 
100 18 12 4 -3 -35 

-Sorted list-
100 18 12 4 -3 -35 
